"n" "rep" "id" "b0_hat" "b1_hat" "g0_hat" "g1_hat" "d0_hat" "d1_hat" "l0_hat" "error" "errorMessage"
30 5 1 0.908453081005853 1.39108888002495 0.883119292748504 1.85508690110143 -1.88212490127736 1.81362621597515 2.92325482410976 FALSE ""
20 8 2 1.11114556962082 1.26394744611222 1.15703861205299 1.68319321747277 -2.29451966898485 1.6254265452953 0.614942546029789 FALSE ""
30 8 3 0.870933576917568 1.68089356851943 1.23652452480645 1.73135962849701 -5.10337111442436 6.37411662012762 0.001 FALSE ""
70 6 4 0.685317241576114 1.80797810594466 1.05085168105352 1.95966093584729 -1.015796194725 -0.236049827016915 1.54492266522362 FALSE ""
80 9 5 0.810955850711928 1.61121651898503 0.809007278122923 2.32663052096741 -1.93762380297976 1.69254026510635 1.17128783869749 FALSE ""
70 21 6 1.45960348864827 0.942329946305199 1.13312181177613 2.08417447155086 -2.81546693557382 3.00202710023821 0.001 FALSE ""
60 13 7 0.801318411323556 1.44868668746308 0.770309522990257 2.38893551408161 -2.31600947417649 2.74444392005805 1.66389031946514 FALSE ""
10 40 8 1.80292031851766 -1.4204760030984 -0.00274958517633048 2.47198332725367 -582.82767279417 731.898582656553 3.75744933885165 FALSE ""
30 28 9 1.0466452376808 1.57035294722904 1.37839460385706 1.57236817304249 -1.9051308599483 2.43484947223487 0.224157810829179 FALSE ""
90 17 10 1.22923559315474 1.103849509028 1.13321742351769 1.89868309957665 -2.51699278370412 2.49320463098516 0.854439322681497 FALSE ""
90 32 11 1.49623092287598 0.791902348800759 1.21458481599821 1.84551435060518 -3.9653439953156 5.17084302615282 0.001 FALSE ""
70 28 12 0.957929633931333 1.22736528045772 0.985186449084676 1.97895913460398 -1.55054385876104 0.671642533350531 1.13099721712432 FALSE ""
40 3 13 1.54402517576437 0.912575774503695 1.01609631936002 2.20751037290852 -1.94912846618789 1.66144977444773 0.001 FALSE ""
40 7 14 -0.364845839500035 1.92258636302691 -0.112130873550698 3.34387188408119 -1.20174475424824 1.32988184251587 3.60470904871466 FALSE ""
100 37 15 1.12031497733313 1.21444200122676 0.980583390163066 2.17407764577504 -1.6136710031455 0.895833175427989 0.812701426520376 FALSE ""
80 35 16 1.44285118602325 0.771584253860414 1.30608898122849 1.84595551789935 -2.85839674894589 2.86830082633483 0.001 FALSE ""
90 19 17 1.05724146201603 1.36856677412469 0.920859537398022 2.33822225367895 -1.95640256962519 1.40833555870108 0.994017144922427 FALSE ""
20 14 18 -0.225857085838129 2.67104190138448 0.176635438840639 2.95451279023785 -2.42422192589428 2.19160609461589 3.02859251710156 FALSE ""
70 18 19 0.404235314772057 1.96251433136379 0.9630766728662 2.017382082153 -1.92258755086679 1.53045484175096 1.96490350173052 FALSE ""
100 10 20 1.06851566408362 1.24909195022543 1.10574147245064 1.88076609385119 -2.15578740695569 2.39067716263411 0.256917140554361 FALSE ""
60 10 21 0.843851209704163 1.36319666925816 0.538377413018975 2.66208564757385 -2.58017352456494 2.28711273009474 1.41006270752609 FALSE ""
30 1 22 1.16072990570771 1.11926959393185 1.29344330170702 1.9262652520801 -4.09696275252303 2.14207015438269 0.371718349586633 FALSE ""
20 10 23 1.28741355993236 1.09289277855402 1.19564493553403 1.808080376325 -2.33941391155914 1.9705186779789 0.001 FALSE ""
70 24 24 0.661615483403893 1.64952034257917 0.957443374291998 2.09834812005189 -1.81288295679277 1.36732112743228 2.06817400143343 FALSE ""
50 28 25 0.418723645477315 1.90276261263063 0.927179274244015 2.09339056341854 -1.97729752718021 1.25801617115809 2.04437594956533 FALSE ""
40 19 26 0.164133130504116 2.14238543862603 0.649490599493355 2.53283772877059 -2.08402400422549 1.42766131750728 1.85162965638103 FALSE ""
10 1 27 0.209963528414833 1.87974142834647 1.14955929226129 1.89653984087529 -11.9525103311985 17.1220085217354 3.29586435190738 FALSE ""
90 5 28 1.22427380187138 0.887270973614962 1.2548952338416 1.67693050804501 -1.24935618551922 -0.156302545834513 1.23960050194569 FALSE ""
50 2 29 0.487639751844055 1.77831369825526 1.09995043539372 1.91884441164029 -2.48667160698545 1.87508395532415 1.52221822162595 FALSE ""
60 33 30 1.42041914842325 0.988315885575076 1.27577439957742 1.76974399365981 -3.05873296438347 3.23864830368643 0.001 FALSE ""
30 15 31 0.530308346077536 2.00737334831726 0.850658002389515 2.25988783231795 -1.49033570963646 1.24353684265656 1.45826076030749 FALSE ""
20 4 32 1.34219041628013 0.941408525899498 0.998470343541335 2.21473386347475 -2.37835760245456 0.407676938233324 0.263369381869266 FALSE ""
60 29 33 0.921912634816104 1.16969696325685 0.805634989260603 2.15961008211627 -3.10592727380361 2.42751877205495 1.62150411100168 FALSE ""
50 40 34 1.56325565809182 0.669354242403895 1.16753189878569 2.06529755212996 -2.35455543000426 1.60091143540406 0.298622005734338 FALSE ""
10 38 35 -0.697280249808288 2.53788931620999 -1.33499804538992 5.27494681846572 -1452.54111627379 1918.23621928149 3.35647195730421 FALSE ""
70 7 36 1.18554204821545 1.10831233894728 1.00461135853938 2.07081695855129 -2.40867370421011 2.47778358739988 0.807025062310846 FALSE ""
20 7 37 0.770735186740105 1.4930109812068 1.12203739231323 2.13931803423284 -1.3801190153842 1.43515995533149 1.74164929343369 FALSE ""
30 16 38 1.21430115543579 1.28583404631399 1.48890008317825 1.58061150689864 -2.65437735927512 2.18019060714395 0.134893774181833 FALSE ""
60 40 39 1.27649783367081 0.924796901537616 1.15210314512794 1.92959244238755 -1.36749427627993 0.508622288599997 0.846518533861193 FALSE ""
10 15 40 -0.422599449849564 2.91996381782281 0.966148881643333 1.96513829873333 -20.2004611490531 -5.683775603121 2.09815156585823 FALSE ""
100 17 41 0.835546720122159 1.51062859999079 0.830588894897668 2.34129585504421 -2.20138634590298 1.30744890096304 1.21370753948435 FALSE ""
30 2 42 1.17907172927851 1.11150045868542 0.812214565235789 2.25974056422473 1478.57905709898 -9617.63498878685 0.422100180573442 FALSE ""
30 37 43 1.17444043707301 1.19701876640699 1.16783311299637 1.91188709171383 -1.6955327239239 -0.389362731424769 0.001 FALSE ""
100 35 44 1.0025368264716 1.27304700782372 0.952922770869004 2.20632004655822 -2.1651984221359 1.57790076572495 1.55466157212547 FALSE ""
90 26 45 0.685557830013651 1.72337222105992 0.599156582031475 2.71070997636658 -1.37026634020473 0.825339794521721 1.6439387131076 FALSE ""
70 27 46 1.37548310425893 0.813548949378418 1.22319263553063 1.98883435877119 -2.5423895058974 2.56657191425045 0.001 FALSE ""
80 37 47 1.11349262477159 1.21690030443187 1.16427418421509 2.06435382621564 -5.31043677561109 6.69602492308921 0.747308181515932 FALSE ""
20 22 48 1.02947585853006 1.40859422217643 1.21450402518515 2.03632718458978 -1.47184859311352 -0.556525673986185 0.001 FALSE ""
30 23 49 0.79252162369871 1.36012577028854 1.26450846161755 1.6594936887678 -2.49842933938857 1.63851632792344 1.16413044407354 FALSE ""
90 24 50 1.05796542967084 1.07443581185999 0.896204128893733 2.34971616767781 -2.84710775590759 2.68522902628447 1.40661920233009 FALSE ""
20 11 51 0.678471059836932 1.82897197917731 1.31832185898317 1.67546603174729 -2.85834898252239 2.52853469895836 0.818819276865318 FALSE ""
50 13 52 0.279319111017442 1.76829920913861 0.442221812769882 2.54205941840826 -2.52870826218872 2.14839360904599 2.63420269887954 FALSE ""
20 36 53 1.19082181651947 1.36037852637956 1.47045993987038 1.41580270960026 -2.76789498922717 2.88328341106946 0.001 FALSE ""
90 38 54 0.938712299530834 1.26039739616149 0.811212105983458 2.34702141906296 -3.47664833569491 3.7352128236678 1.53889867754705 FALSE ""
60 3 55 1.08488465082223 1.12092361555016 1.11121561405359 1.8550912112944 -2.11037745695505 1.49821832435501 0.659034271649241 FALSE ""
30 38 56 1.19047760325729 0.991153633616817 0.752704426446887 2.25393340139235 -2.78943499108669 2.16477696005053 1.50017730310155 FALSE ""
10 39 57 NA NA NA NA NA NA NA TRUE "Error in if (any(psi < 0 | psi > 1)) stop(\"psi must be in the (0, 1) interval.\") : 
  valor ausente donde TRUE/FALSE es necesario
"
90 39 58 1.15971206804952 1.06893679513882 0.895446108898675 2.23693480400034 -2.87674452634711 2.91562884779074 1.38411540759122 FALSE ""
80 29 59 0.845555504599038 1.50845049745053 0.883326940969047 2.23699598950556 -2.88861927734789 2.81687366699594 1.29569846371883 FALSE ""
30 24 60 1.05263629870031 1.38758481535291 1.29788805049755 1.70309464336001 -0.849158881580225 -0.825081598877899 0.001 FALSE ""
60 9 61 1.40233686720075 0.76594891238421 1.21189100364506 1.92680839102335 -1.7427559284861 1.68274107577753 0.001 FALSE ""
60 36 62 1.32721926433014 1.0298157591053 1.26132504165746 1.87161016071541 -2.65553712217413 2.79048241282691 0.001 FALSE ""
10 25 63 -0.250397418321535 2.63794856737269 0.708190885800162 2.12122297158965 -8.45754561910893 12.0716348519761 1.48196276102004 FALSE ""
50 16 64 0.523428097581137 1.86233549990264 0.991888840036725 2.17586132368601 -2.81238427319887 2.50287023279071 1.78044659972937 FALSE ""
70 39 65 1.01222218329492 1.20481300671271 0.815694200414788 2.23460742169188 -1.91143886779076 0.986308777453631 1.73310779589844 FALSE ""
10 33 66 -1.99641267125882 3.45250827497447 -1.29430949438194 4.69851798192888 -20.0648621807755 -5.78502579951857 5.39376067748882 FALSE ""
50 39 67 0.79687850831314 1.48620847552244 1.19513645281828 1.6983101940868 -5.16185312054416 5.86004991516868 1.58847264255041 FALSE ""
40 25 68 1.05807667710887 0.837666054771427 0.552197524924749 2.79140933240279 -3.2073804441494 4.26325200372736 2.17276656307398 FALSE ""
70 31 69 1.35377668121382 0.978900997988076 1.27828331275858 1.9229160225799 -2.78611926945932 2.58702928872977 0.001 FALSE ""
60 27 70 0.681089478432526 1.50428932541121 0.916071959554343 2.14679697938807 -3.16697553900324 3.57164881958955 1.36728055653196 FALSE ""
90 2 71 1.10550776640723 1.15935168347335 0.964137753160217 2.06066381761945 -2.12905405792971 1.94776501271595 1.08514815260263 FALSE ""
10 27 72 -0.534951677529839 2.22014696628938 -0.0636687307567369 3.30017238948717 -6.69628533271057 7.75703445180893 3.98204224797573 FALSE ""
10 7 73 -8.72488089260838 10.4771197473058 -0.705083813379837 3.67802274069204 1.64845313698501 -6.40693016968587 4.20376059223857 FALSE ""
100 23 74 1.17114479506682 1.28762974692371 1.16340577575705 1.9844038071099 -2.35883567324629 1.91943654328045 0.475287075423668 FALSE ""
40 21 75 0.95477087644696 1.27023306962625 0.784464387570223 2.2716979538593 -2.51337707450882 2.79871309397064 1.37244100023622 FALSE ""
30 36 76 1.45250103402957 0.954041961845766 1.3122423838558 1.7954704404369 -2.91751796668471 2.44097036372593 0.0757450772930603 FALSE ""
100 21 77 1.25336737350366 1.12792995282489 1.16321265034657 1.99489907189053 -1.56681756908699 0.919942556449801 0.001 FALSE ""
90 31 78 0.976514908453953 1.493938376381 1.16483192263508 1.99488837743305 -2.40710603187916 2.18250067359926 0.244312194060955 FALSE ""
50 12 79 1.24366196664754 1.12193589815017 1.00924738199861 2.16984845409417 -1.73550971811008 1.5144968729759 0.001 FALSE ""
10 5 80 1.24223051151272 1.47004846293715 0.866661348852696 2.7025935379687 -3.78367102721262 5.00704212664785 0.188297268716036 FALSE ""
30 33 81 0.394768458340505 2.11610404765515 0.646766243615666 2.632984800609 -2.60326021166185 1.72985034609246 1.99228743764761 FALSE ""
10 14 82 -0.313367508118885 2.95040117227535 -0.123234748949932 2.96308034571 -8.2748547861486 11.1912054253816 2.55840290856586 FALSE ""
40 6 83 1.38918179819196 1.14308116696647 1.25934685115642 1.93452817868598 -2.56887240597177 2.07888715150262 0.001 FALSE ""
70 12 84 0.97877014261399 1.36580096498569 1.03252046675947 2.04781255068547 -1.9637130178369 1.35978522098595 0.970717303594496 FALSE ""
60 6 85 0.938229236195352 1.31931215836098 1.01008753016233 2.07470644716027 -1.38962791566151 0.204249937861915 1.01002103554589 FALSE ""
50 21 86 0.797569893830377 1.39233565114253 0.879909810064315 2.15577308422652 -2.39991420864145 2.17412367182652 1.82708747461451 FALSE ""
70 17 87 1.09508207640807 1.34297340497239 1.08212546054417 2.00014494872395 -2.82773600185056 2.94187994493206 0.710686793053491 FALSE ""
100 30 88 0.575527254672771 1.8309346145856 0.914398171044705 2.01929628379666 -2.45776541988866 2.36235542548606 1.74216933025698 FALSE ""
90 4 89 0.954737641665873 1.44754318678587 1.1495264185737 1.79024265833278 -2.07219110393871 1.74132731961044 0.815750393232658 FALSE ""
100 34 90 0.78794247750067 1.43319239222222 0.829970919284531 2.23751658597427 -3.24327954354633 2.42770394224528 1.57639876625024 FALSE ""
30 6 91 1.44069067584764 0.429843137042469 1.19281933833199 1.81740866373279 -1.54267268404283 1.18738864123076 0.521682740731133 FALSE ""
40 31 92 0.891390247625875 1.37429321634152 0.942906231744683 2.19991583662402 -1.04517092833337 -1.51950982172615 0.72423089534769 FALSE ""
40 37 93 0.691105242146261 1.72127224397133 1.10005786748476 2.06640734039491 -1.70287377331158 1.82596681870534 0.937446011657278 FALSE ""
80 39 94 0.809023025858944 1.30231454899477 0.791117659159382 2.28334085515554 -4.70247686870594 4.26854846609265 1.494566047383 FALSE ""
60 25 95 0.209252075046254 2.0070506271208 0.795091402406137 2.28487207617185 -2.7610768581158 3.09861726935798 2.59392070526248 FALSE ""
90 34 96 1.11187585123529 1.09707073847635 1.06704173915333 2.04778246269581 -2.35394526654437 2.21341047370782 0.886134697244577 FALSE ""
60 24 97 1.41777647889323 0.743038419276682 1.14216461356588 2.12188943991832 -2.03424199910161 1.35028848741063 0.296941327225864 FALSE ""
70 23 98 0.930796087681908 1.47374057552701 0.931373318311496 2.2734687670858 -2.50193097828534 2.20152155262658 0.367989885861988 FALSE ""
30 35 99 -0.214549018340088 2.73175697749985 1.25969952196566 1.79858328875985 -2.67579254702228 2.16575910607354 1.818587988442 FALSE ""
90 29 100 0.778911895183999 1.4797681667991 0.957593231310815 2.11358470267958 -2.01547351836555 1.66322858620278 1.34605401943797 FALSE ""
70 38 101 0.52751732156149 1.68706095776575 0.744735900183806 2.26150287629575 -1.59883281661288 1.33747486004771 1.82317870146746 FALSE ""
10 13 102 -10.202359052368 12.8745023852703 0.215998696848184 2.79359061224692 -3188.28366443727 3384.71841494319 4.53296455023625 FALSE ""
100 31 103 0.630392029302831 1.67575149861542 0.687469221262026 2.4527975049468 -2.08757941097788 2.06597627447165 2.60668180873608 FALSE ""
10 12 104 0.581922063851357 -1.18642449656894 0.699931923854771 -0.639470412185162 -8.96542594355261 16.1966647613926 5.46660803760085 FALSE ""
50 23 105 0.268437632585253 1.88984126644507 0.635826164569934 2.48272660036651 -2.43332962319589 2.0497768359256 2.39926070670439 FALSE ""
60 31 106 0.0646192824662449 2.1474067180973 -0.0918118618463 3.33253377343104 -2.38610862558606 1.3845410717575 2.59046795229375 FALSE ""
30 22 107 0.663611546450571 1.60727358298377 0.562781054572136 2.76274322192031 -3.69043536625807 4.76159785102986 1.50294940501971 FALSE ""
40 39 108 0.559349841046925 1.68312570978348 0.840354454633962 2.15660100389499 -5.56508348652164 6.12442390706032 1.89942880076919 FALSE ""
60 37 109 0.49737001137937 1.54078502584651 0.266973167982222 2.95387672149065 -1.37150166282938 0.75677056245497 2.73603272549584 FALSE ""
90 1 110 0.468020985516276 1.55521140418731 0.568044453877142 2.54922329927479 -2.42014474253735 2.25051474678562 2.47623935944714 FALSE ""
50 31 111 1.06089262846999 1.15147231371242 0.979032106835527 2.05150518412179 -1.6713774268289 0.279277432056192 0.92726832326066 FALSE ""
20 26 112 1.21800074732433 1.21830798049443 1.6542259058184 1.19707505019895 -5.53806987689354 8.05089896622328 0.001 FALSE ""
90 37 113 1.07709238727254 1.32055977553463 1.00235752394652 2.07138743166251 -1.75946107582171 1.33464858155028 0.997563400652039 FALSE ""
50 9 114 1.39119381128311 1.10284946824555 1.43146343771131 1.62328443151061 -2.46202001552999 2.09482999157071 0.001 FALSE ""
80 40 115 0.581551837119184 1.77524067410134 1.01526214151885 1.99880847108181 -1.47599324077687 -0.144330167460962 1.96982330899757 FALSE ""
80 7 116 1.32071116986144 0.963272074131029 1.204049969173 1.86475002344841 -1.20456221777868 0.327233513041049 0.0385542137029598 FALSE ""
40 38 117 1.14610287984757 1.08966812647119 1.24188134432329 1.89926461083241 -2.25421302045645 2.38512504210389 0.37664015926405 FALSE ""
100 32 118 0.967844859270847 1.39410158109373 1.25084854629198 1.80881512183477 -2.02285836109778 1.16690235463705 0.462380136400078 FALSE ""
100 19 119 0.42000319331517 1.62068764013438 0.158442487735039 3.0368485542309 -2.74962657625417 2.20521790464601 2.93123581468207 FALSE ""
40 30 120 0.14827398811873 2.43753377577593 0.750951456546155 2.24691559229449 -1.77929700200898 1.72844927880646 2.05551508498365 FALSE ""
50 5 121 1.38436111661947 0.957499079717075 1.0416178829084 2.18681367748659 -3.39767376013815 4.09697722640937 0.001 FALSE ""
60 22 122 1.12263600133602 1.12415927698177 1.09460686000573 2.06192209134377 -2.40461496411208 2.38222936832354 1.03855614115148 FALSE ""
10 11 123 1.07554804971504 1.21119067017426 1.10473951420073 2.22362994479109 -1.602809077962 0.376060397183448 0.001 FALSE ""
40 22 124 1.3019882006625 1.06499629095197 1.2044627546115 1.88845384392315 -5.007357967817 6.17447333715471 0.001 FALSE ""
90 35 125 1.0284147062337 1.41124306865114 0.674261782638913 2.56978421798786 -2.31685346770816 1.79996090670715 0.737208209815436 FALSE ""
20 3 126 -0.242078251027234 2.16104384956528 0.407906858649315 2.57458365371835 -0.771881107228058 -0.152346515547567 3.03362524683718 FALSE ""
80 21 127 0.874163749901464 1.53233983816026 0.874655309595927 2.272776601 -3.09379483731431 3.2079831022597 0.96923442625828 FALSE ""
10 17 128 -1.55378118985624 4.22273825669318 -0.225512791871938 3.0206143648337 -2.1502354552434 2.16052507226124 3.82660740195393 FALSE ""
80 32 129 0.973444700452595 1.29200286450542 0.808302733778553 2.2394841300623 -2.77698083460312 3.11001817508442 1.43306374301914 FALSE ""
80 15 130 1.31517921914988 1.01699580899486 1.18322129023425 1.92791488317506 -2.47919796561022 1.66358569771952 0.401239428165638 FALSE ""
100 16 131 1.1664930114265 1.26465777518601 1.24330235397681 1.87041993569188 -1.8544143503475 1.41045317673138 0.001 FALSE ""
10 30 132 0.0452108132176935 2.87446461998779 0.284166722595639 2.51631941696537 -2.12146860384295 1.48553888972252 3.57034800205795 FALSE ""
60 8 133 1.39237549367239 0.986531035203628 1.08845215772258 2.03076199640706 -1.02587266177715 -1.11485623097519 0.001 FALSE ""
10 20 134 -2.06806099301064 4.28093058501842 0.191014595292503 2.76509243534071 -2.89582864084068 2.930917828655 4.14765595664957 FALSE ""
60 21 135 0.131921324933153 2.10995695555751 0.681725485683682 2.47753163854614 -1.65627498919648 1.99645438395676 2.57202875254025 FALSE ""
40 36 136 0.94932160604155 1.62386340217913 1.33128554974909 1.62532805483685 -2.58454247598747 1.53595414616358 0.001 FALSE ""
70 9 137 1.38337795221743 0.951264235836152 1.29920481193541 1.90486704946338 -3.87992671112509 3.73794378974564 0.001 FALSE ""
100 38 138 1.00565421767951 1.46656941789791 1.13990219959546 2.04490223901573 -1.95830250553414 1.57958802350757 0.345284254190389 FALSE ""
20 18 139 1.14694665392606 1.18582091777834 1.14604256150725 2.04068270121793 -4.04740572749466 3.52898212047692 0.001 FALSE ""
80 28 140 1.23757650457031 1.12477278108203 1.15462627604319 2.05166298440611 -3.5879502558518 3.63513813789292 0.117439391048981 FALSE ""
10 23 141 0.589375311009506 1.64743408484207 -0.844302998839545 3.92018365972352 -1.67185730237013 0.611912130867942 2.30188935856334 FALSE ""
90 16 142 1.29470001625545 1.08015918208865 1.30296676748978 1.77390858725705 -2.56182154706018 2.14406364020214 0.001 FALSE ""
100 36 143 1.08640722411923 1.0996700064692 0.917206543055995 2.19676624755831 -2.01095693047588 1.75895673964541 1.03899972669556 FALSE ""
80 25 144 0.845925272400068 1.40453226271099 1.06156902793402 2.07868561536147 -4.62382304503773 4.3718563041361 1.56121794199331 FALSE ""
20 24 145 0.114613145474284 2.04966084631526 1.02413015341214 1.76442569730636 -11.2544667065958 10.2194169405371 2.23841361157131 FALSE ""
80 4 146 0.925540104557747 1.39935100629225 0.784871763352256 2.35873729052512 -1.69902719054775 1.26252533186325 1.36599894577796 FALSE ""
100 14 147 0.886888055613639 1.52206657659813 1.13422858606026 2.00619181519263 -2.22730943464933 1.7178600983759 0.915968740199965 FALSE ""
90 12 148 1.29989950371589 1.21074148591499 1.07858328355699 2.0750080110819 -2.33041976758931 2.19864747224042 0.18103905219659 FALSE ""
70 15 149 1.07746701871083 1.26520887570399 1.335484181989 1.58605673396303 -2.98439843306479 2.98345691501612 0.52530870396779 FALSE ""
10 31 150 0.918152887945966 1.59979852126718 0.191626245462196 3.51304785564117 -223.704384135448 274.038811874117 0.38216307485508 FALSE ""
40 23 151 1.09149675423128 1.16106459272469 1.28730980975568 1.62828819094119 -1.26570811707298 0.81202442040498 0.001 FALSE ""
100 4 152 1.13146535093592 1.14363604278219 1.01308689748779 2.06884173349816 -3.96633081515648 4.74434538229416 1.10306417109684 FALSE ""
90 30 153 0.881784648469938 1.36277329089921 0.970262901030868 2.0221240962481 -3.76927778123718 3.96515361007504 1.28096070920795 FALSE ""
30 34 154 0.853927796152235 1.76469245913214 1.15950860089409 2.02239419320581 -1.61989134839086 1.39237096183893 0.001 FALSE ""
20 33 155 -0.605907305198819 3.02800567532726 0.28084486989593 2.9271999104589 -1.97863242724874 1.06970689921457 1.95907845173986 FALSE ""
60 11 156 1.35428675268856 1.02507275902008 1.22899698097753 1.92701793072102 -3.35538891456244 2.66117830811613 0.001 FALSE ""
40 17 157 1.22795469870883 1.02214659583648 1.2001232371729 1.91343077695911 -2.36813354358506 1.77903611270577 0.145975122660613 FALSE ""
100 25 158 1.33894956476944 1.045257054214 1.19866178729518 1.99836419840132 -1.59715759006423 0.664920030457171 0.001 FALSE ""
40 28 159 1.46851739095854 0.801798632902139 1.27038216066965 1.80051118496776 -4.31801779303859 5.23553958478282 0.001 FALSE ""
100 29 160 0.576165323182712 1.64078639589265 0.680713816016634 2.40450502599519 -1.44755724841789 -0.00565860537160176 2.03953552552982 FALSE ""
80 19 161 0.631779821321498 1.87748539555373 1.0426423027847 2.04207036807082 -2.63376532172883 1.95451203495547 1.46702861173825 FALSE ""
20 17 162 0.790843635032106 2.07699262252884 0.900082468753598 2.09382289708667 -0.856920923586979 0.85824788257262 0.001 FALSE ""
80 26 163 0.899841282624705 1.35753131297439 1.09668009909702 1.83832804174802 -3.78532072429694 4.75607622899636 1.31912868623895 FALSE ""
70 8 164 1.23511565536652 1.03115200742375 1.14307936957953 1.98095656577783 -2.1968570326334 2.27890607595373 0.202249828040996 FALSE ""
60 16 165 0.670642181138276 1.62626339785247 0.659156633408961 2.54130100083843 -1.87159334633873 0.972174227714009 1.37671805296683 FALSE ""
50 29 166 0.79360873802799 1.51774399429535 0.479506482460249 2.71964756746053 -3.02482492775919 2.08780028149074 2.02826456560791 FALSE ""
80 13 167 1.27106538995857 1.07026394531619 1.01760557805444 2.11198740186452 -3.16545661180713 3.65148067921861 0.001 FALSE ""
100 39 168 0.680612929231066 1.69558331604268 0.751825329253875 2.24164791271052 -2.04895171865142 1.37951706418815 1.56230464500035 FALSE ""
30 21 169 0.840080642925666 1.67731314525173 1.24269169808279 1.8524564901423 -1.99183721811039 1.64603862129397 0.001 FALSE ""
80 31 170 0.982656000806373 1.38868756231837 1.11548402786892 2.11495655524674 -2.92102078154938 2.37686535652805 0.703980943713185 FALSE ""
20 15 171 -3.43714001559341 5.85898757771837 -0.318394657867658 3.2737005671551 -3.06459323148049 0.252992524385152 4.24040504283829 FALSE ""
100 6 172 1.09912065997749 1.19658997237373 1.21940854580826 1.89140784556454 -1.72134785785005 1.183536873514 0.546059951709466 FALSE ""
90 20 173 0.675736644017627 1.49643312279188 0.67046310925299 2.41565266194417 -1.41300489128568 1.13190310515554 2.13294896850679 FALSE ""
80 20 174 0.95227277110963 1.34705764493561 1.05301785459321 2.01158058304579 -4.00146661526052 4.78215299358938 1.02166480845557 FALSE ""
100 1 175 1.29026617756803 1.08127926869006 1.16725963427577 1.96375670002116 -1.73751312222816 0.998394654832302 0.286373995862041 FALSE ""
80 22 176 1.34832098627339 0.912163231014888 1.00658850995858 2.18817674555996 -2.35696757289522 1.6062113327156 0.0904703245891669 FALSE ""
20 2 177 -1.53589923126021 3.82015048638004 -1.48934914711254 5.16465679118498 -1.68449001395694 1.9883433652735 4.27015145483841 FALSE ""
50 35 178 0.863261138929254 1.5538767409512 1.10928635703241 1.99436668645305 -2.95497317380539 3.35716411025351 0.884915488427318 FALSE ""
30 30 179 1.36259727546216 0.975261582453719 1.00809832822825 2.15800496673343 -5.44577099093229 6.29466618801201 0.215063287423245 FALSE ""
40 12 180 0.637047900233921 1.08090188530196 0.518510850293631 2.37988870078826 -1.37153204254062 -0.0301459998599593 3.60263091036972 FALSE ""
70 34 181 1.29412619158962 0.694305078752377 0.98459803177456 2.1559564295067 -3.01873714651041 2.984352458668 1.11659667585978 FALSE ""
10 34 182 1.00904632585044 1.73173014742054 1.69877372204983 1.00427120380582 -10.0748392153782 13.9378369177083 0.001 FALSE ""
40 4 183 0.271285803243865 1.97707057871901 0.885038544859937 2.11957833261417 -2.92692719412039 3.08175928935717 2.38474313835982 FALSE ""
50 27 184 0.249349462275793 1.85878000719624 0.383445407521269 2.83335412770311 -3.57620173746316 3.82173890075685 2.68157595054805 FALSE ""
90 23 185 0.426851663193454 1.81197200952269 0.967616430848884 2.11073459673717 -2.70204152674409 2.48260995543623 1.65784189004293 FALSE ""
70 30 186 0.955998060600953 1.17375882022828 0.791199592284521 2.30377256725568 -1.48910867027589 0.0193572152963419 1.49616964861812 FALSE ""
50 20 187 1.30118343798418 1.08400688396221 1.42459343525748 1.71604535986087 -2.60034539906592 2.904811056885 0.001 FALSE ""
100 27 188 0.591223618743712 1.81928708638176 0.90463696017739 2.14162350417838 -2.39147815926045 1.85195635380536 1.7058518314646 FALSE ""
20 9 189 0.933228274758361 1.23683149667155 0.725794733764879 2.48713260862228 -1.79901561751071 1.5323082430335 0.001 FALSE ""
100 3 190 1.04887456669431 1.31367971673059 1.11911733857379 1.99968034443619 -1.93698939017488 0.399013505129852 0.001 FALSE ""
70 36 191 1.12582682562143 0.97921010921756 0.964864107979005 2.14991004411895 -2.59664007830568 1.96923459467841 0.874842644187736 FALSE ""
60 20 192 1.36535679417328 0.994658892973678 1.07051448650976 1.97879100125002 -3.01941878709705 2.75827819895251 0.783190671483461 FALSE ""
10 35 193 0.338427625854695 2.01567637156666 1.15422059159391 2.11921594077452 -2.49839253903946 3.14368549462098 1.87496072864061 FALSE ""
50 3 194 1.28063274919163 0.967519608244798 1.31732083472872 1.86208356687033 -3.4107436441471 1.9108363922064 0.001 FALSE ""
50 10 195 1.17401829799769 1.19616762857286 0.921845293995835 2.21893929838612 -4.25823327895086 3.48263481720955 0.935392312261019 FALSE ""
60 18 196 1.12383720238788 1.29459209478828 1.10948970436594 2.04289578329092 -3.47611505839726 2.96469528725025 0.621246600765723 FALSE ""
100 9 197 1.10526951172302 1.23103122251887 1.02071827854079 2.06924074724604 -2.54231303067913 1.73948260118635 0.696759164847556 FALSE ""
70 19 198 1.20023424230131 1.02214445005611 0.985119334851395 2.13177949668617 -2.95310682028077 3.42776289730644 0.796815377562882 FALSE ""
70 16 199 0.57094887963601 1.49714072422636 0.970484712765206 2.06689617926346 -3.13866759921708 3.51579035922902 1.53176633454876 FALSE ""
40 35 200 0.751194157841028 1.78723683432422 1.12020022478044 1.99227943234137 -2.49162517779387 2.2212428548875 1.26665440347476 FALSE ""
20 31 201 0.0238392866709868 2.35094862186953 -0.40235124644241 4.09713561461363 -2.33444274387713 4.13427523606651 3.18403964275359 FALSE ""
70 3 202 1.38074528074558 0.75271958711768 1.03816850058728 2.10471185656841 -2.4639348917554 2.79482590134607 0.48204561813096 FALSE ""
100 5 203 1.38744361968907 0.967018692016363 1.23881416233911 1.85160609805866 -2.39395227294084 2.16712378064132 0.001 FALSE ""
90 36 204 0.603491872190836 1.54390744042767 0.41857388979715 2.72993200530947 -3.17587273649372 3.06626678287112 2.24909667627269 FALSE ""
60 15 205 0.240871643623784 2.07215700897776 0.524324210836559 2.5878201444761 -1.88182889005301 1.24836611591543 2.21729969375442 FALSE ""
50 8 206 1.28857993900347 0.997995789929856 1.27634756094172 1.88527119711459 -2.62188522065171 4.25354974575243 0.001 FALSE ""
90 9 207 1.02292401129885 1.30576001643297 0.952361147041497 2.16969028544891 -1.69262350271592 0.868573843462699 1.1940310457873 FALSE ""
20 35 208 0.690103636069896 2.03428869054271 1.07093792703989 2.02902124139731 -1.82935480683383 1.26490477258389 0.602921344987961 FALSE ""
80 33 209 0.995737802156919 1.39796668961353 1.20982922546884 1.91482120733263 -2.12177706787554 1.29346513154945 0.365802436371428 FALSE ""
70 10 210 0.578977411885353 1.81314085519436 0.874770932631245 2.24830975402428 -1.68734246535151 1.03640681305061 1.3158110827085 FALSE ""
20 16 211 0.947893209066804 1.53600007745341 1.20881842159052 1.90508566168473 -1.68625960903725 -1.45532752686459 0.623749302006438 FALSE ""
50 19 212 1.24304119012297 1.0115933089917 1.30419574358021 1.67995665212629 -2.28748842117786 1.67082748935417 0.001 FALSE ""
50 1 213 1.01020918842127 1.14790166106894 0.926744210178721 2.08366222300392 -4.43321794304322 3.58118117776447 1.31614134266784 FALSE ""
20 34 214 1.5135452052266 0.469142088573007 1.32667568019772 1.4981671379094 -1.25975676545917 1.5229513013276 0.001 FALSE ""
80 14 215 1.14319948363006 1.34090981150691 1.30050988137689 1.92255913772 -1.17606739834514 -0.127479710312506 0.001 FALSE ""
70 1 216 0.852951821232991 1.62789388552825 0.816560766477903 2.28057053096194 -2.83498505575868 1.82182767377203 0.925508163227897 FALSE ""
50 18 217 0.873726582802313 1.3877006038315 0.923239035981784 2.18601346344224 -3.26111266980697 3.96923669776943 1.21122411715388 FALSE ""
60 28 218 1.41645247334416 0.497802661440672 1.05803243679889 1.93850930786446 -1.72361961298488 2.28011722497211 0.634304548826902 FALSE ""
60 19 219 1.36677900875337 0.984378094758854 1.40391763727854 1.65453992413258 -3.12604370272424 3.51166587001847 0.0358189281115624 FALSE ""
80 8 220 0.950512082923451 1.31866323402995 0.950629290067331 2.06508825950239 -3.07680714116939 3.22566887162558 1.25122289911867 FALSE ""
100 13 221 1.01540156209178 1.16523073519536 0.922913198235305 2.17186241632828 -2.89242217939582 2.48546264709615 1.14819103183528 FALSE ""
10 32 222 0.778860841847537 1.06138590888666 1.06074111548484 1.83861503131588 -0.318114590179326 -1.48434783103677 3.6035690435257 FALSE ""
90 27 223 0.984139722567512 1.37485321235457 1.07857365664433 1.98809941173227 -1.80303836045257 1.96686644617155 0.610092005034277 FALSE ""
50 24 224 1.16270244639123 1.21619363791994 1.15992726051026 1.90425789364872 -2.75867722684821 2.27027152456995 0.29640919266245 FALSE ""
80 27 225 1.05659809143052 1.22625696278336 1.05993540738685 2.0459730604137 -2.43990646870755 2.2194504468173 0.734112068234069 FALSE ""
50 15 226 1.06985604088039 1.43569273344881 1.33021275762875 1.73828780079945 -1.80015586655349 1.47494813514414 0.0919921501594083 FALSE ""
80 30 227 1.27232213199227 1.1016608901667 1.21829771788516 1.85797161511296 -3.58392420119081 4.11607754757738 0.138731034971704 FALSE ""
70 40 228 1.36909732690775 1.01348340584491 1.36300112680872 1.74512181712775 -3.78990730268284 4.09416753775825 0.209681544983362 FALSE ""
20 12 229 -1.90054759084645 4.00229131609193 -0.468252166505401 3.76606935479163 -2.26987971376386 2.54536345505493 4.20768979455922 FALSE ""
80 38 230 0.93813915806444 1.32673347712314 1.09561198619614 2.08797827427716 -2.2157641563761 2.20695497619268 1.2479711193391 FALSE ""
60 4 231 0.449835525642741 1.88288854564416 0.417258199090721 2.84614948260426 -2.90211108789125 3.03311546844382 1.81233179126775 FALSE ""
50 30 232 0.619394099423468 1.55099739126988 0.516621398557963 2.59966986002174 -1.90993450288777 1.06264709308239 2.34640467278133 FALSE ""
100 26 233 1.25765953805691 1.05956714998993 1.02461052452826 2.15334027420085 -2.10076752075267 1.48101678843431 0.521709120902321 FALSE ""
50 38 234 0.819117963234719 1.31169383942104 0.893508603375517 2.04219081410346 -2.92556361486634 3.77454928801547 2.08482206053719 FALSE ""
50 14 235 1.30394114562 1.03410700091665 1.33826465798381 1.74223519773434 -2.40717176976744 2.19782486778453 0.001 FALSE ""
10 37 236 2.00990174094215 -0.359958566779104 0.812201336511095 2.39742348447178 -4.39586811577151 3.98036662269007 0.001 FALSE ""
20 20 237 1.77479791779927 0.530816081438906 1.02764120989221 2.33062254648603 -2.65621551600746 0.917081184511334 0.001 FALSE ""
40 40 238 0.841364559003707 1.54093580925203 0.905338074039943 2.0668697094368 -3.32512290297949 3.3793449532207 1.8025918556019 FALSE ""
40 34 239 0.915691036236489 1.64108691849323 0.775811003843225 2.49666631653016 -1.91723960864042 1.52897061864651 0.840234226498734 FALSE ""
30 13 240 0.823966451962292 1.27945605141528 0.911335302007677 2.11209291300032 -2.95451777736342 3.16816942577569 1.20740968243191 FALSE ""
60 2 241 1.22445612147087 1.28045468250698 1.26213446121971 1.88121135992079 -1.13199093676235 -0.887304089624386 0.001 FALSE ""
80 34 242 0.556542819387988 1.47928312011516 0.256477720501675 2.81880622415182 -2.56143507756755 1.9988532071981 2.55108226958758 FALSE ""
30 18 243 -0.228525130760807 2.49706346719157 -0.2177204082273 3.61254288809443 -1.28165601097075 1.04599798025058 2.9575205261624 FALSE ""
80 23 244 0.972839540007694 1.292629180098 0.766415823879758 2.42580032669634 -1.86382540538003 1.07869430067601 0.803457027469034 FALSE ""
20 29 245 1.35780381518963 1.01322050081135 1.35272666502126 1.74034172464303 -0.761410556883495 0.294728383314125 0.38460712173911 FALSE ""
80 2 246 0.878971921117446 1.25003569667442 0.90909807792251 2.0895491094474 -2.78063184656866 2.28392349221718 1.96321907095617 FALSE ""
70 5 247 1.33786494834594 0.995156702742187 1.15791486221564 2.04785328323742 -2.24615267618945 1.86615047943362 0.0644684773018593 FALSE ""
30 14 248 1.07107663190828 1.35766583572493 0.936196598250001 2.25987631011456 -1.5386311719988 1.07676052741464 0.900022026142136 FALSE ""
80 3 249 1.0788479698979 1.23425262244327 1.22410142959977 1.71972312679476 -2.95413627623729 2.86903570106793 0.88091764775334 FALSE ""
20 13 250 1.39351378520349 0.959051793947988 1.48996205497703 1.83925723146818 -232.932415180077 281.330241877932 0.001 FALSE ""
10 3 251 -0.637177748064408 3.05104267193369 -0.434279195812629 3.74638492731415 -1.41020953154936 0.0374211219348635 2.73328440365502 FALSE ""
50 32 252 0.903490625585941 1.36361411404007 0.476295347893358 2.70843275157276 -1.15876273652806 0.195893122529713 1.53298300864262 FALSE ""
10 19 253 -1.28146976541148 3.94672927791349 -0.833129932180273 3.80226603634809 0.747284271886322 -3.15279040219314 4.83339054980874 FALSE ""
20 28 254 0.650445066763736 1.37231369053789 -0.145243547172942 3.17935425313092 -2.51750927579178 0.65929906887187 2.79293116373865 FALSE ""
60 17 255 0.824967173600217 1.38958131212641 0.887106608073611 2.14278028031966 -1.78045771817687 1.22561154484027 1.42198300159413 FALSE ""
90 15 256 1.27656348626147 0.914797238710133 1.18781485781145 2.00219264744647 -2.85839344226426 2.57279141972994 0.565336448777487 FALSE ""
90 40 257 0.888395701440668 1.55131045324455 0.905786357586469 2.2659621710166 -2.09104730616761 1.9622121473921 0.543525441557388 FALSE ""
20 1 258 0.72355244611086 1.54724980577813 1.26658251706531 1.94409850347076 -4.85728960022119 5.2292884037486 0.001 FALSE ""
60 23 259 0.428386945577997 1.90507560863879 0.589053147084751 2.57091456722266 -3.13322057355588 3.3547191911258 1.59548892838745 FALSE ""
30 10 260 0.0787246500761032 2.26114596177819 0.397830399592063 2.60421032588062 -2.16720825017949 2.21371106175784 2.57834739364801 FALSE ""
40 13 261 1.34122007955662 0.957553597737936 1.13579259898448 1.90673435156842 -2.62341435764481 2.53378774491848 0.43437683806551 FALSE ""
30 26 262 1.16174583230548 1.19877438172798 0.948872283135106 2.40642479906807 -4.0810840046182 4.58555988289883 0.650807452266133 FALSE ""
70 4 263 1.05450988398656 1.20148734178403 1.22014994337882 1.94546708874206 -2.43841167746975 2.52041043929185 0.665366211808059 FALSE ""
40 10 264 0.909859089927772 1.07524588687543 0.485189560295072 2.66267240600119 -2.66967275226839 3.06496855633056 2.07448416865717 FALSE ""
60 1 265 1.03007207255347 1.45584015353091 1.16178023012882 1.82078264918622 -2.18619708070121 1.24395270868079 0.731222830411483 FALSE ""
80 6 266 1.28517664948912 1.03094926568704 1.16660237979023 2.07105710038438 -2.52236981021574 2.49820973305977 0.851061937608749 FALSE ""
30 40 267 -0.151921192316081 2.34654967072364 0.561052496461358 2.48877561315644 -3.73507263898263 4.08859842849497 1.71712697830183 FALSE ""
10 9 268 0.631361495364488 2.35020553131349 0.392304910077142 3.41701296860886 -452.059020972985 706.928346024859 0.819136780749301 FALSE ""
20 21 269 0.774038126622732 1.34895939659998 0.636077168860218 2.19492400079231 -1.22890589993252 1.15862085671585 1.95055082737625 FALSE ""
100 20 270 1.03286692001378 1.2095912614719 1.01052351192862 2.05820438408627 -3.42202731025283 2.13490465600537 0.742889042450882 FALSE ""
60 39 271 1.30805226005854 0.941211808276869 0.989676467561022 2.04946775687333 -3.37364986286745 3.09239416641078 0.302089478568954 FALSE ""
10 29 272 0.497241351485633 1.77274815236644 0.251449909340444 2.48998427369931 -2.24594487179172 2.04051761579907 2.05621242198722 FALSE ""
20 30 273 1.09710572022755 0.981654237358634 0.580902625082984 2.62631366973482 -2.23798478667125 2.77855178936469 1.14067801858956 FALSE ""
90 13 274 0.76530864378998 1.43600155953794 0.631532385985136 2.49843224699954 -2.73444744936353 1.97446516028972 2.07549251635672 FALSE ""
40 11 275 1.16070220430352 1.12241161460642 1.03859461741129 2.09354228807442 -4.46812720640387 4.69807588128746 0.979054682183196 FALSE ""
60 14 276 0.997719606642873 1.45729484593118 1.1434717573021 1.93565069266699 -1.55435591846564 -0.13743266562761 0.567883256229526 FALSE ""
50 22 277 0.929466606187354 1.50299951525527 1.02832002452684 2.00195817530676 -4.29767332689022 4.59491828209327 1.5957446703405 FALSE ""
50 11 278 1.60523423274978 0.59007368410862 1.19336268390896 1.91684813086976 -2.0378239323542 1.31545944785909 0.155474295154366 FALSE ""
20 25 279 0.833597692604668 2.0602115307532 1.05651057657062 2.34973526696241 -2.01543628855482 2.42322154203262 0.001 FALSE ""
10 24 280 0.417090806172287 2.19796399119046 1.81034648499495 1.18192000413218 -0.584407044718504 0.297413399678922 0.001 FALSE ""
100 2 281 1.32787600588496 0.836215344606706 1.0796787986721 1.9611746432212 -2.95510238767781 3.30780268104543 0.59417359724407 FALSE ""
100 40 282 0.828706082610489 1.43119075938161 0.974665867106998 2.10119250797631 -2.67270919192921 2.33304041020642 0.926464371298434 FALSE ""
70 25 283 0.948351274217844 1.24480809600082 1.14246577759479 1.9414738319989 -2.11840764966128 1.66173021382278 1.50565585528128 FALSE ""
80 1 284 1.15497664651591 1.24037197864945 1.13506778739078 2.02252920122162 -1.68038043050148 1.16581607605003 0.001 FALSE ""
40 8 285 1.01926360396 1.66731753035667 1.00906662567226 2.25097856829407 -2.19141962741044 2.07725334640361 0.001 FALSE ""
90 18 286 0.424986607829086 1.96835958870796 0.464277402780632 2.65742470919306 -1.8716574303086 0.79987065769608 1.78949275257698 FALSE ""
20 19 287 -0.12544810261772 2.18824033745558 0.551345750690525 2.59876006158972 -8.97851581018233 11.7475455895726 2.67546012039082 FALSE ""
70 29 288 0.295257928370007 1.86748633339624 0.478604346971917 2.65601751220284 -2.15773243258879 0.945083865902586 2.54749194073967 FALSE ""
90 21 289 1.33660978000975 0.962955433306727 1.13465735902391 1.91097573757845 -2.96946714608411 1.88484158794618 0.001 FALSE ""
100 22 290 0.907634143907829 1.35745993741247 0.962045433476008 2.08386681339455 -3.48978094091347 3.56809224284229 1.5943545115203 FALSE ""
70 33 291 0.862012565962999 1.45009695952576 0.886980885200661 2.16441566236333 -2.28848536430067 2.15276547834179 1.18289535187646 FALSE ""
80 18 292 1.12761978091295 1.14733355686439 0.953731257344234 2.2011591493778 -2.21853301219313 2.21118783326634 0.960641234387787 FALSE ""
70 11 293 1.26993947691083 1.04230176310202 1.32527872602242 1.75953484509873 -2.86444992365785 3.00145882574375 0.001 FALSE ""
100 28 294 0.585155474489718 1.80010754298997 0.786586456692658 2.30719908866002 -1.34108537587419 0.15623735046688 1.71512085450387 FALSE ""
70 20 295 0.565629712937052 1.74283602231723 0.730218538473304 2.36818455576248 -1.88950245041227 1.88211881315264 1.93822563942767 FALSE ""
40 5 296 0.240613251504258 2.07345240586516 0.979353627993076 2.1826272063157 -4.8391211248035 6.10638078511659 1.82172136195635 FALSE ""
40 15 297 1.20025144206621 1.33656054320793 1.30108067382524 1.8027834598903 -2.06848005919353 0.72599206799833 0.001 FALSE ""
100 12 298 0.644276279357937 1.49681882185989 0.797760259166752 2.23259126560797 -2.54292986842292 1.73298342726918 1.95441474835662 FALSE ""
80 5 299 1.42335031968361 0.934018830536041 1.1610761588863 1.98948027882229 -2.43901789434941 2.69506191470077 0.001 FALSE ""
60 30 300 0.838065116239003 1.69210976367582 1.10257430309553 2.03165010563602 -2.20559989811854 1.7683024574028 0.892382967102319 FALSE ""
40 33 301 0.760769996629108 0.649173411789654 -0.437630700454322 3.53164932510542 -2.59350261268331 2.3007642186094 2.9932121415475 FALSE ""
10 4 302 0.79802889248119 1.8219827794998 0.85569021590303 2.24313221615229 -19.1693508288534 -7.50364537254952 0.001 FALSE ""
40 1 303 1.10282682138598 0.987711022888663 0.908374869195514 2.1970371417622 -3.29689579925037 3.50949917427614 1.39936545078801 FALSE ""
10 16 304 0.704023868905866 1.96486687069984 0.43259934239945 2.91853593270096 -4.27543492623899 5.18741109851546 0.001 FALSE ""
60 35 305 1.10275463372184 1.31075420339309 1.50110657033648 1.3809234690785 -4.47404852907926 5.33346169040854 0.001 FALSE ""
40 27 306 0.779424111799413 1.49886322959188 0.71220668051273 2.24529662729961 -1.28704998424034 1.22917831437138 2.08644619438313 FALSE ""
80 36 307 0.951183871505751 1.48266929235817 1.06021196641354 2.0126923245767 -2.77466126911663 2.29831414977997 1.07195215171137 FALSE ""
40 29 308 0.828963346430813 1.84506872193413 0.531872315706557 2.80032600244641 -2.73740385717943 3.29625645016598 0.349660114395595 FALSE ""
40 24 309 1.09523605352487 1.70591049581083 1.46487142967805 1.58046759818612 -3.8973016262613 3.60759022458832 0.001 FALSE ""
40 20 310 -0.397278199299867 2.25194432331577 0.520366684722614 2.47129103915483 -1.54801072924473 -0.00674720061230192 3.39878382143788 FALSE ""
100 8 311 0.777541292734039 1.5048477836264 0.78121256118707 2.43520414534416 -3.43898456600305 3.748509329005 1.35447170635205 FALSE ""
100 15 312 1.22847365117264 1.10052918208941 1.33021242461583 1.71391053890881 -3.11568032691462 3.53182843794957 0.001 FALSE ""
50 34 313 0.522787795796509 1.63216134937682 0.676740475146962 2.37465359885343 -1.3125875339362 0.660699634490196 1.98582414867968 FALSE ""
30 31 314 0.887696304332762 1.56034916205237 1.08105399289301 2.20539718118989 -2.40532592259061 3.58744324336941 1.10287556925957 FALSE ""
60 5 315 0.516591320967414 2.00673990764468 0.627301166003119 2.35559025027517 -3.33394928462423 2.62793605151944 2.01829576071686 FALSE ""
20 5 316 1.46303383978176 0.774650245655518 1.35425265581424 1.7825356173339 -3.5786325261264 5.23549817085457 0.001 FALSE ""
10 26 317 1.21637701612635 1.04584895604502 0.886278316322672 2.0146982291494 -0.726639255672293 0.44096535679595 0.001 FALSE ""
90 7 318 0.585301209243683 1.63339993390344 0.664556306249021 2.30512195379398 -2.791405946086 2.30484625155251 1.69204020462714 FALSE ""
60 38 319 0.0959241851813151 2.25078026331714 0.483905266673715 2.50946996244664 -3.69830678722824 3.793863786949 2.07766864636104 FALSE ""
70 14 320 1.25747072389296 1.18926524818221 1.09461857625093 2.07125472314403 -2.12711986280912 1.98082873556733 0.0211961659268117 FALSE ""
90 25 321 1.10493963975794 1.22962892415663 1.15493016416446 1.9509044604574 -3.2730429830004 4.0033605601676 0.291903554333187 FALSE ""
40 14 322 1.22310801076477 1.30789219464094 1.0114832558028 2.22052555472232 -1.6740810450494 1.06082126366328 0.001 FALSE ""
30 32 323 1.36241321794875 0.983419548705777 0.903406543990763 2.32422678811288 -2.24118400358253 1.9716301121013 0.001 FALSE ""
100 24 324 0.969878008151649 1.45007231731337 0.960262477321218 2.2083336473588 -1.78666641204786 1.66047291452335 0.295304921985475 FALSE ""
50 6 325 1.31482829733145 1.0821047629628 1.36632617033252 1.71659725145772 -2.37866623765557 0.962060721415854 0.0852962477647439 FALSE ""
100 7 326 1.02073475106355 1.26585192481758 0.726082841807285 2.43388446556982 -2.29513094513376 1.22808218329717 1.10335706199851 FALSE ""
80 17 327 1.13289624138976 1.20198119665059 1.21107053280006 1.93375086071953 -2.83387520528601 2.17652150182527 0.285366991150707 FALSE ""
100 18 328 1.28350445708742 1.05284923042482 1.19582278592499 2.0612739268748 -2.07379500425591 1.24655369229318 0.001 FALSE ""
20 23 329 1.42420217756916 0.719895436030656 0.204994290577932 3.51446766628959 -3.69714622531621 6.72266641054784 0.606072006777713 FALSE ""
10 10 330 0.389322870353082 0.638298119837064 -0.164919690229534 3.62503908781911 -2.59376003455748 2.58483505923 3.98192223549817 FALSE ""
30 25 331 1.19616865558987 1.25847992710685 1.03107995536034 2.27612064145006 -4.08497911214881 4.35757334293606 0.87960544414798 FALSE ""
70 32 332 1.28350365611359 0.994460275494777 1.16389484243863 1.92468832448139 -2.28631894974235 1.46923276286704 0.0554253332562991 FALSE ""
100 33 333 0.76640099579714 1.5209204908543 0.969825594810914 2.07823452405212 -1.68604959936004 1.22235373971104 1.34421731146115 FALSE ""
90 14 334 0.551561298473539 1.88070223471491 0.71185336953498 2.4319827732692 -3.08722304204319 3.39670124438503 1.81258540709142 FALSE ""
40 9 335 1.27722953082585 0.9100808395285 0.710497909062125 2.56045349285637 -2.81167506447056 3.17170448397093 0.88249823287972 FALSE ""
80 10 336 1.06571198316725 0.949422905540035 0.839407935912555 2.20933953849203 -2.48536667990812 2.24589940113193 1.37701328113434 FALSE ""
40 32 337 1.28537497915415 0.865293297643389 1.36587641701558 1.6114439036801 -3.13410449617559 2.29255496973944 0.001 FALSE ""
70 26 338 1.10558711567045 1.28484558769163 1.20849998023199 1.94813763136952 -1.82129637717864 2.08732722161207 0.001 FALSE ""
70 35 339 1.16230962450465 1.14620123929214 0.948852639905729 2.23533538052807 -2.26020070962456 2.62310553456675 0.448706047608723 FALSE ""
30 12 340 1.48227539840004 0.944248587743383 1.13335943361984 2.09566596551699 -2.29996352215283 2.37795235791188 0.001 FALSE ""
30 20 341 1.58855613208535 0.719132020888699 1.07205523725425 2.27682780710132 -1.70449898521892 2.74079220948458 0.001 FALSE ""
90 28 342 1.27664503581649 1.08229988211104 1.07976298968871 2.06949489344129 -1.92562737644865 1.40601785055068 0.241353837158668 FALSE ""
20 38 343 0.96316897366614 1.60977969311004 1.26836597535478 1.65766176671234 -1.05442167726039 -1.64500705840302 0.001 FALSE ""
90 33 344 1.10375911842396 1.24585176170817 1.10064372785872 2.00394206040989 -1.73571077854251 2.06914866549302 0.419908894299411 FALSE ""
20 40 345 1.3164747378738 0.679280512691418 1.12453994080937 1.93223121750702 -0.855174612869486 0.0123847253671088 1.16545467331276 FALSE ""
80 12 346 0.954346794581402 1.2569643434078 1.04183035557609 2.09611397108156 -3.23025393114134 2.74629995696301 0.862751585317227 FALSE ""
60 26 347 1.45171471977633 0.886354194126983 1.2733155279774 1.87851745034215 -2.70842132248903 2.41001345766647 0.001 FALSE ""
90 22 348 1.19923333354603 0.930100621612308 1.34979296353186 1.65278206869795 -2.64630475759569 2.10866675392272 0.208927979769399 FALSE ""
50 36 349 0.485289972537395 1.82712304916335 0.71462545365919 2.24856276026254 -2.0953571528504 2.16859542143847 1.66118445127577 FALSE ""
100 11 350 1.14100956319737 0.951406421265728 0.80887788048103 2.3961512676406 -1.96400416591352 1.32522930224449 1.30202049045159 FALSE ""
70 2 351 0.710728310679083 1.4296606764346 0.533542125672262 2.67281921235622 -3.65474750731094 3.40612283115569 2.12188179221216 FALSE ""
90 6 352 1.3501713012856 0.912426008371981 1.24497822352534 1.9053553706594 -1.77188417779671 1.35304372777986 0.001 FALSE ""
30 39 353 0.930533328249989 1.0603495149664 0.709475029624379 2.32798103278552 -5.94965281160477 7.37654159213495 2.02354405472212 FALSE ""
50 33 354 1.05829291474409 1.20497604087334 0.879886372609031 2.14997907492688 -4.20584232361805 4.94493165159193 1.19611160667556 FALSE ""
80 24 355 0.597692910862436 1.76845519798334 0.625510272574838 2.52417114926747 -1.773026918215 0.725234320635334 1.94519515719488 FALSE ""
50 4 356 1.26521945698652 1.04920101671859 1.10641833536837 1.96211609670769 -1.82962035746675 0.881180297169055 0.543710626848079 FALSE ""
10 28 357 0.282522026568372 1.83766076642244 -0.644157840040616 4.53606828118039 -6.17010219270586 7.04177452831233 2.74871285775498 FALSE ""
50 7 358 0.413012911318841 1.80555516158281 0.407775858201058 2.73907756431281 -2.05188748885351 1.4657607802834 1.93794409253213 FALSE ""
70 22 359 0.352804383708917 1.99480199613025 0.315627719326174 2.80546126614983 -1.80263880979681 1.81378789907251 2.86035870949358 FALSE ""
50 37 360 1.14644577575388 1.30675848381931 0.841064739875351 2.09846322465362 -1.98040160654349 0.959481688816923 0.87823409530051 FALSE ""
70 37 361 1.12119947851911 1.07680571113751 1.36833804636558 1.64171912264292 -2.1942146341072 1.84278489591857 0.0305123393636278 FALSE ""
20 39 362 0.804509879699938 1.76760242178489 0.899910023440828 1.93382238744835 -6.84413152824069 7.95791621011323 1.30293358593833 FALSE ""
10 36 363 1.34761469517976 1.28943920276691 1.28678972998172 1.61159295320509 -1.78991539482287 1.52775514143861 0.001 FALSE ""
70 13 364 1.33951459103244 0.884712149093726 1.50682808025744 1.50490782966811 -2.30549571489359 2.43623793451035 0.001 FALSE ""
10 18 365 -2.42079943148541 4.7721522750303 0.922532923925542 2.11946056624329 -4.06127905548418 2.89076054616629 2.90820648462879 FALSE ""
40 16 366 0.634264445061014 1.73919743630833 0.83162135899989 2.2855847117737 -2.03232280570601 2.31900187622994 1.98549074995677 FALSE ""
80 16 367 1.37131690025697 0.872758716525913 0.968915485278035 2.22399577064542 -2.49011107425772 1.9038429929666 0.001 FALSE ""
30 29 368 0.494530892168272 1.7994452585004 0.950679399237434 2.12167510176148 -1.94798284063495 1.00959290582486 2.19182491576866 FALSE ""
40 18 369 0.778748628645122 1.65909592604314 1.0236586045286 2.08678675150567 -2.2339632065519 1.98743859129909 0.291572100196765 FALSE ""
20 37 370 0.0681811250294754 2.40722150637351 0.291786731798799 2.67127737147509 -1.95637096793644 1.84672222951941 1.78190480852643 FALSE ""
20 27 371 1.00604543953348 1.33496039342563 1.37564430369885 1.73008126061015 -4.19189200132578 4.36990127320563 0.393549555298972 FALSE ""
40 26 372 1.21496695741314 1.23257484664239 1.20986115978936 1.98133197627101 -3.39797372400533 3.55251183623951 0.512721510425027 FALSE ""
50 26 373 1.33708431415896 1.15826851517973 1.28530301697818 1.87755166738327 -2.10876155799133 0.914421505852988 0.001 FALSE ""
90 8 374 1.18041225143063 1.12656129522535 1.067688816591 1.98066854416192 -1.99479291655033 1.78576969899224 1.13720770166336 FALSE ""
90 3 375 0.94306138425492 1.3387065148958 0.987960415734058 2.03169336273633 -2.86938867244758 2.35811659011212 1.28268547832862 FALSE ""
10 21 376 1.77421130621342 0.585614309287759 1.30745190000325 1.90213160075371 -2.9723944301084 1.34390483031299 0.001 FALSE ""
40 2 377 -1.56590969260333 3.72698925186548 0.62950757793289 2.02533900453337 -1.32738986738592 0.168097763726139 4.0070421614748 FALSE ""
30 9 378 1.58618625169938 0.654375464923118 0.985111722361175 2.18774339983241 -2.09391088096279 2.28701842614304 0.001 FALSE ""
50 17 379 0.0781150803158216 2.24496078639604 0.421298338974834 2.69851697925562 -1.68262174895334 1.47431717026503 2.05791356477243 FALSE ""
50 25 380 1.20800397482824 1.15918576660111 1.06230568443672 2.11622432404457 -6.20996388654182 6.84683108271237 0.633703441912853 FALSE ""
80 11 381 1.23683957406978 1.32940235371756 1.39745580738649 1.57279268970884 -4.20129261363596 4.23014737221521 0.001 FALSE ""
10 6 382 0.968859514190853 1.57918771951264 0.357073786727756 3.08153242806018 -1.75230801614048 1.4956741517812 0.001 FALSE ""
10 8 383 0.579515364712528 1.09273845900903 0.50702096814516 2.17196263906168 -3.94211933861085 2.96772816988718 3.31658081356538 FALSE ""
20 32 384 0.252297251183016 1.93182829203949 0.964251517267927 1.8134446525533 -2.08644436159506 2.43794775022234 2.62589930719395 FALSE ""
10 2 385 0.792491352837468 2.08835763402813 0.785938392858876 2.5459508211297 -18.5066668971529 -7.52161929387375 0.001 FALSE ""
30 27 386 0.998854339513303 1.44866863704851 1.12490193851292 2.02164219738105 -2.37585715517157 2.52799686740197 0.001 FALSE ""
60 7 387 1.34403453561532 0.912012367305128 1.2766347154274 1.86218999751834 -1.31689732798416 0.884111419303491 0.001 FALSE ""
90 10 388 0.49044718940873 1.86901782967654 0.629361192570918 2.45633549569739 -1.43715972347038 0.913102986211338 1.79131605803727 FALSE ""
10 22 389 0.317869119470986 2.31054821172224 1.47845007326622 1.69247678993041 -0.857288725094645 1.59253394162346 0.001 FALSE ""
20 6 390 -0.59649475239858 3.01490043838709 0.804052523115504 1.97118209967455 -3.20955534941567 4.27991445925442 2.96809182663614 FALSE ""
90 11 391 1.31116636498205 1.00886759345929 1.22021227197705 1.89483456044867 -1.36108469012785 0.709913518216779 0.179811540345995 FALSE ""
30 19 392 0.869708228625183 1.75908989369038 0.985447760204514 2.17199160086942 -2.16704480982022 1.8058175924043 0.767424675311607 FALSE ""
60 32 393 0.564132297489997 1.73597039222209 0.533127634239536 2.56160120593947 -2.51042079656063 2.75480690156117 2.29306945995446 FALSE ""
60 12 394 0.836095662208148 1.46153677474457 1.05656631833543 1.93911291253304 -2.88797604607712 2.94013944746642 1.75739004013059 FALSE ""
30 17 395 1.22828175739915 0.959412862056193 0.948865026002808 2.19222713031036 -1.42731220444428 0.0751874512638331 0.001 FALSE ""
30 4 396 1.57026130576262 0.663483415460844 0.910825953362652 2.48558063505857 -5.88415422116228 5.03601098914733 0.572055326065294 FALSE ""
30 3 397 1.1107007175246 1.22483084829511 1.11497800852273 1.89569515522063 -2.04060799981742 1.42628011090469 0.001 FALSE ""
30 11 398 0.205343224336187 1.93256544843241 0.232172190320255 3.1455488248473 -2.33503750653242 3.12889822128285 2.99463818690336 FALSE ""
30 7 399 1.03415791783861 1.18995180714406 1.01014921368144 2.06915617330576 -4.40919258733642 4.76331258433616 1.48343909363958 FALSE ""
60 34 400 1.47096007356502 0.742090699696522 1.26583824871814 1.87925678805576 -2.90112304030598 2.79347240065457 0.001 FALSE ""
