"n" "rep" "id" "b0_hat" "b1_hat" "g0_hat" "g1_hat" "d0_hat" "d1_hat" "l0_hat" "error" "errorMessage"
90 4 1 0.926690153148053 1.3759482544383 0.84381470034322 2.26120343474138 -2.50258912509953 2.02336928429878 1.02627041745918 FALSE ""
10 1 2 1.18994870359832 1.09380343983507 1.2721696301322 1.87223540003276 -18.9710388026956 -8.11054420470231 0.001 FALSE ""
50 4 3 1.47927703198288 0.777398775231902 1.38169697528326 1.76902490741925 -2.68629417825307 2.63192806133173 0.001 FALSE ""
70 5 4 1.51252718818734 0.78329856146917 1.22527366721829 1.84380132765701 -1.64192976422847 1.7171625221854 0.001 FALSE ""
100 6 5 0.645823906819332 1.593801778583 1.01978029563491 1.89985521668311 -2.49227383799122 2.39659799614776 1.87597180002396 FALSE ""
50 1 6 0.546419736195905 1.72191895624587 0.815448068885898 2.18459967083511 -1.10148768568934 0.313348877576119 2.03370272086068 FALSE ""
20 3 7 0.327072255517739 2.26435770705535 0.357091938866014 2.89049377850786 -3.14792142260429 3.39274774651901 2.37467843710274 FALSE ""
80 4 8 0.559441873137769 1.6669270845833 0.373574874141655 2.89713996842257 -3.14612114696209 3.18571096034219 2.16252005252089 FALSE ""
60 1 9 0.975320208523791 1.29720045964389 0.933913046439313 2.15736991551737 -3.66255510891947 4.40371160532537 0.671366658108204 FALSE ""
40 4 10 0.64353574892252 1.452408686856 0.934106561890098 2.04225433984354 -2.3763322042304 2.70938463988891 2.09820674786684 FALSE ""
20 2 11 0.753504127116924 1.75983645543973 1.32044644029004 1.8153558291987 -5.32249095155241 5.66465860785262 0.22943320668405 FALSE ""
100 9 12 1.37808417781159 0.923734940846684 1.16989783573094 1.90055998851395 -2.38711196275826 2.94771037505472 0.001 FALSE ""
70 6 13 0.837791363851232 1.41221426123116 1.12154441801808 1.96597954362197 -3.40163455394084 2.53878857137171 1.10787719117047 FALSE ""
40 3 14 0.586455303382974 1.6719158550513 0.85450950470521 1.97725490433958 -3.40950306542155 3.21768287744888 1.58935574669189 FALSE ""
40 9 15 0.731663986003108 1.71785533786857 0.967469198867918 2.27539305923158 -4.50293594892203 4.79540915272264 1.41732444964639 FALSE ""
60 2 16 1.11974399239729 1.18511345602501 1.07573385646385 1.98648856212926 -3.44338653226174 2.80423493092483 0.616585474450344 FALSE ""
60 4 17 0.959617469437216 1.27556079885909 0.885726765817595 2.39859323588695 -1.74671029464001 1.54198503736892 0.947075797170367 FALSE ""
10 2 18 -19.5196194211953 24.5375408213278 -0.458177159826573 3.52471886436722 -3.49837209346641 2.5129723360943 5.08570500845084 FALSE ""
20 6 19 0.661861633587262 1.48932492075487 0.780866671048448 2.22727244674052 -4.55754406095423 4.11404834387338 2.47767485171683 FALSE ""
40 7 20 0.422175025546655 1.60892422215515 0.794385842235932 2.27229208181808 -1.2015514696457 0.192398302041022 1.48380260819772 FALSE ""
10 3 21 0.662165070265362 2.05606516478628 1.06043732248123 2.02806917829417 -4.41839918885436 6.43575525544032 0.001 FALSE ""
100 4 22 0.858717129826412 1.43488804945177 1.20587363718581 1.80781321117858 -1.74062698162944 1.35609209587898 0.980781407375826 FALSE ""
80 9 23 1.01221816535725 1.19400114378328 0.613575600152777 2.60625919746839 -2.84130079210726 2.85101983552478 1.3108280989339 FALSE ""
80 6 24 1.29291415799887 0.702387109348441 1.09529662503189 1.9489460613706 -1.75589761146573 1.6971745357218 0.967704358880606 FALSE ""
30 9 25 1.13058142244943 0.659417803101025 0.724628519225599 2.60238778732241 -3.53938235714539 3.29197823808942 1.88045414029824 FALSE ""
100 7 26 1.14260292179579 1.19098304763994 0.950369036332427 2.22552417838324 -2.67456686164307 2.26683799977976 0.522718213458942 FALSE ""
50 5 27 1.03253018179637 1.36037997416525 1.18189221314121 1.90899358536817 -1.99045013330241 0.604612376820526 0.81278050565915 FALSE ""
40 8 28 1.47241752225067 0.578658544044934 1.09375050540581 2.04341373919989 -1.9463683832487 2.11134856729561 0.0741604297278688 FALSE ""
20 5 29 -1.8277374936237 3.31868630756915 -0.78298392937979 3.91688304972638 -0.964508116355427 0.26273190391235 5.41350619741346 FALSE ""
10 7 30 -0.776848235597345 3.43652363031532 0.693179042061666 2.10957816216366 -3.81419772326168 3.46150809437083 2.17875598852311 FALSE ""
40 10 31 0.0530167925686716 2.27185821666034 0.739321435058261 2.13493567628606 -2.308584021214 1.31920230274025 3.02359109670501 FALSE ""
30 8 32 -0.430198889808507 2.20532935811642 0.616785921020707 2.39615224575899 -4.49866008212202 5.69926588242433 3.67256705028806 FALSE ""
40 2 33 0.00137799844874718 2.34636765109445 0.420169047749342 2.50828944201449 -2.26620640086068 2.16339228488292 2.73652514743526 FALSE ""
40 1 34 0.993033365188175 1.06581506432826 0.733982581878159 2.57603393452023 -3.79742300517302 4.83587984863487 0.980624325762077 FALSE ""
100 3 35 0.592867559910076 1.74731917766488 0.821740489337781 2.17928488834374 -2.44921141201357 1.7153972453343 1.77967731302387 FALSE ""
90 8 36 1.38746272907945 0.73281128509289 1.16637862209356 2.06867245432143 -0.883961671810893 -0.37485292018816 0.752026744999938 FALSE ""
70 2 37 0.188921026690829 1.89328219951159 0.287398330359424 2.74027508367909 -2.36707587868378 2.09019199697088 2.27261586852221 FALSE ""
10 6 38 -4.50824955857144 6.12270647896834 -4.98236344082621 9.66970366582331 2.35012601885202 -5.4638825361703 6.85072205445769 FALSE ""
20 10 39 0.485908955403231 1.92374500953698 0.504994247257773 2.71132821949551 -2.5582946785071 3.0223058818802 1.58716745182787 FALSE ""
100 8 40 1.39270077190909 0.797536603642969 1.30213290125371 1.62306771273831 -2.8064806429819 3.01359314131777 0.165233652511532 FALSE ""
40 5 41 0.998374056232828 0.975127226302677 0.91083263171379 1.99822109453635 -2.87058675421243 3.02666874677284 1.65713964858087 FALSE ""
30 4 42 1.57890852159677 0.538174466311943 1.08580642351874 2.0098078236942 -2.24676065127608 1.45674604944411 0.001 FALSE ""
10 4 43 0.304532291987538 1.61081954602103 -1.06169069543594 4.93460986852292 -0.580565535418312 -0.744084089050734 4.46254276276834 FALSE ""
90 10 44 0.804838308601494 1.4520989554976 0.971223548572963 2.14309013544513 -2.83147369368924 2.044078766115 1.17482873868378 FALSE ""
10 5 45 -5.49084245438661 8.20370808546984 1.63779895281955 0.655176283019518 0.0598023662927259 -0.103010735179692 5.39005620945088 FALSE ""
90 7 46 0.416710945162994 1.97417262758933 0.719438843542362 2.33866981341964 -2.14664734030422 1.77890472974726 2.11229622573226 FALSE ""
10 8 47 0.0980885759581013 0.942567538401097 -2.79865476595748 6.69753829957845 -10.5199087211383 12.764187001637 5.92886997711565 FALSE ""
30 1 48 1.25881069450843 0.728825348758501 1.34297618465543 1.60564635564646 -2.77607470976727 3.2729352510726 0.447107129716226 FALSE ""
90 5 49 0.898683225607014 1.23699217852771 0.709694345002655 2.42358468874085 -1.86990589810285 1.47366280438568 1.52938227376303 FALSE ""
90 1 50 0.794998142709426 1.36434805949065 0.816326125718421 2.33706600621344 -2.32331201553878 2.14800748506304 1.84446541089686 FALSE ""
90 6 51 1.04863744988077 1.2008451259633 0.984465448302915 2.1314607833276 -1.76065816954463 1.32095647864563 1.00990271395378 FALSE ""
80 3 52 0.620628087614117 1.79329263438497 0.850765929752584 2.276995388969 -3.17176201054916 3.00732441997707 1.69270116564963 FALSE ""
80 10 53 0.57679286841039 1.66773378270371 0.765422651360726 2.36370005275328 -4.3437165398542 5.17475232137739 1.91686643104048 FALSE ""
100 10 54 1.1079188107659 1.06943724815643 1.0970281478705 1.86777422097713 -3.05606598783839 3.12094276140621 1.1860928080773 FALSE ""
30 7 55 0.978117218923998 1.10858463104096 0.669456673621365 2.33094497318599 -3.15519956099615 3.0483186272905 1.73203310423786 FALSE ""
90 2 56 0.880420737458144 1.39987544751097 0.58876888220939 2.7505988310311 -2.4238981474859 1.87470863088295 1.48383810240947 FALSE ""
30 3 57 0.782790651020992 0.494400800465757 -0.344536608866377 3.36269838633444 -3.30249414313399 3.3716583390248 4.44246485466597 FALSE ""
70 4 58 0.912823393009242 1.34055349502438 1.02516768058696 1.97020029533993 -2.12481958068316 1.1864165662773 1.06826450131373 FALSE ""
80 5 59 0.986391157015762 1.26058647933439 0.814330313933373 2.40011814915237 -2.48261148947314 2.21922989382324 1.29685833713137 FALSE ""
60 6 60 0.993271586087522 1.23648117746028 0.909315525168637 2.32500818350992 -2.17140140640433 2.26737091833601 0.961147890579204 FALSE ""
10 9 61 0.46312379774583 1.56868824761559 0.485790877013066 2.7437681748624 -5.64413929514679 5.00077171740356 2.67140664201532 FALSE ""
80 7 62 1.17079943994554 1.03296528913606 1.19382764027111 1.9716367605857 -2.78133606895891 2.40888766305103 0.0448832684161948 FALSE ""
90 9 63 1.28220213390713 1.07881734720599 1.06539682539174 2.17984637335302 -1.55663171467022 0.308182903381367 0.001 FALSE ""
20 8 64 -0.76196625603129 3.0591765467387 -0.95999252099724 4.99120230959107 -19.7051975732789 26.8067536366176 2.8788400121527 FALSE ""
100 1 65 0.885614797013775 1.37354274473139 0.98456310147422 2.00482603442204 -3.18555429365279 3.71294762723564 1.21138597162177 FALSE ""
30 10 66 1.29845848708301 0.948674379923938 1.23822574424621 1.71872577874432 -2.08618401455367 1.36090231461913 0.001 FALSE ""
70 8 67 0.62879821444064 1.71817298332618 0.675648757391285 2.43851045234936 -2.97792594825286 2.27654993396228 1.62603227223717 FALSE ""
50 2 68 1.30765363522652 0.997944214839284 1.1433523948176 2.15225381330115 -3.37793097544299 2.57287769042414 0.001 FALSE ""
30 6 69 0.610698269733332 1.74753877997816 0.660208112461348 2.66614321483758 -1.10069756879497 0.170750176657082 0.995305803090147 FALSE ""
70 10 70 0.989574114483857 1.34895635234856 1.0403397072208 1.90784849156121 -3.81609521921645 3.91624102544206 1.35543722773221 FALSE ""
70 9 71 1.1510286550784 0.972892837389682 1.02766936023137 1.94412964975984 -1.75140289716102 1.46173297133047 1.18446564596053 FALSE ""
50 3 72 0.956026234787337 1.57777862544263 1.18370749128629 1.99912373805119 -3.5618656345961 3.7084639849223 0.450920462549992 FALSE ""
20 1 73 0.369938137139506 1.80578845739722 0.546220197714294 2.0904562429588 -2.46750873711841 0.536550692313061 2.34579257317344 FALSE ""
50 8 74 0.347360583444761 1.77707875156592 0.408535314427897 2.80190455551801 -2.68873108846759 2.94801960463142 2.28906114783194 FALSE ""
50 7 75 1.44543708128346 0.953011209731848 1.35468887356039 1.67852709974796 -1.64604164090092 -0.380037977974535 0.001 FALSE ""
80 2 76 1.09698933981451 1.19790326331022 1.22236013388535 1.78449153090656 -2.26676312765243 1.85212104162344 0.82824306857705 FALSE ""
50 9 77 1.3327315761056 0.981405427546897 1.33598979268378 1.82555751781378 -2.38608253372928 2.34252608470762 0.001 FALSE ""
30 5 78 1.16099219027793 1.24322593077689 1.44414076903906 1.52427790232078 -1.50455577911024 -0.899016016698807 0.208164185971872 FALSE ""
20 4 79 1.08938172051251 0.452840454555406 0.634517359473373 2.38285494802243 -1.20824317004885 1.22351020553465 3.63958195319798 FALSE ""
60 5 80 1.10515800503774 1.29530392471731 1.16047192614657 2.01697877762288 -1.6117088089477 0.258358806470331 0.507127507073957 FALSE ""
60 8 81 1.20394466728566 1.20990300933631 1.06681370806418 2.06249991803973 -3.57024766701078 3.57545843118952 0.408451987713997 FALSE ""
60 3 82 1.05752785294877 1.12656153967665 1.06223198647978 1.8704877848426 -6.2874286191534 7.38072383814709 1.08782802218685 FALSE ""
50 10 83 1.24670411288205 1.12728610258466 1.27861412048299 1.71208750313075 -2.54684552253355 2.2562959466569 0.246989487346641 FALSE ""
80 8 84 1.00584033227332 1.09235490494503 0.981578367270213 2.07456671600579 -4.70083472946054 5.087835393747 1.4936874277036 FALSE ""
20 7 85 -0.872533617295196 2.97117520674437 0.199168424639271 3.16402524146743 -644.578456017231 787.230828711315 2.91495193082578 FALSE ""
80 1 86 0.0640883292915217 2.18493304950922 0.433507340595103 2.7810218530972 -3.80695238016574 4.7017534082772 2.17207192834865 FALSE ""
60 10 87 1.24715145888299 1.0820867374275 1.13512710478011 1.92378378346024 -1.82547238244126 1.76466750612656 0.155229062105757 FALSE ""
100 5 88 0.984246658426556 1.30185940920894 1.04506082508163 2.09442316516004 -2.21209949290104 1.74259000532261 1.08556199372193 FALSE ""
50 6 89 0.979981427247012 1.40987326615174 0.881026346222831 2.20924626837692 -2.48344978537792 2.18539013761324 1.20742818568024 FALSE ""
60 7 90 1.07835201278868 1.19049783951083 1.2195531665978 1.70301282340856 -2.83584351402413 3.06676184743059 0.797981045403463 FALSE ""
90 3 91 0.616825242109187 1.69138069836469 0.953721240512987 2.06061786886764 -2.08567357958797 1.76515864458215 1.48146248126664 FALSE ""
70 1 92 0.863683710676798 1.10401581603698 0.650599287336163 2.48768313234907 -1.76403010289828 1.324455726422 1.9310389853305 FALSE ""
10 10 93 1.31537582213121 1.24483089988637 1.20489726822661 1.85239390113702 -18.2628880623263 -7.98840002222658 0.415036555528855 FALSE ""
20 9 94 1.28592693251081 1.11454302987924 1.58431130985596 1.10156395486626 -3.27425715497747 4.28136548311593 0.001 FALSE ""
100 2 95 0.777188980337427 1.54730087988497 0.901422555306491 2.06107555130428 -1.62378338707848 0.366774717142034 1.08416330435234 FALSE ""
60 9 96 0.125586290059283 2.26113554167301 0.810812694631892 2.2346631071978 -2.25162553749159 1.5977994276645 2.00891683446331 FALSE ""
70 3 97 0.891980582840411 1.18483146869391 0.800442743453654 2.41207465081983 -3.2425299884448 3.27287249258843 1.26912660859987 FALSE ""
70 7 98 0.196782418537416 2.21104948219382 0.634210115729657 2.48469581543464 -2.11044308677355 1.79748798136849 2.06872908390188 FALSE ""
40 6 99 0.786592567453624 1.11165826357019 0.739240514708414 2.32904735522456 -1.36311889106305 0.513135801840236 1.44027660170224 FALSE ""
30 2 100 0.353139400598715 1.40641489717431 -0.737348107721047 4.27748701251747 -2.9910758848759 3.37547324986609 2.92975033622195 FALSE ""
